{
  "cases": [
    {
      "name": "rps",
      "matrix": [
        [
          0.0,
          1.0,
          -1.0
        ],
        [
          -1.0,
          0.0,
          1.0
        ],
        [
          1.0,
          -1.0,
          0.0
        ]
      ],
      "value": 0.0,
      "row_strategy": [
        0.33333333333333337,
        0.33333333333333337,
        0.33333333333333337
      ],
      "col_strategy": [
        0.33333333333333337,
        0.33333333333333337,
        0.33333333333333337
      ]
    },
    {
      "name": "matching_pennies",
      "matrix": [
        [
          1.0,
          -1.0
        ],
        [
          -1.0,
          1.0
        ]
      ],
      "value": 0.0,
      "row_strategy": [
        0.5,
        0.5
      ],
      "col_strategy": [
        0.5,
        0.5
      ]
    },
    {
      "name": "saddle_point",
      "matrix": [
        [
          3.0,
          2.0,
          5.0
        ],
        [
          4.0,
          1.0,
          6.0
        ],
        [
          2.0,
          0.0,
          3.0
        ]
      ],
      "value": 1.9999999999999998,
      "row_strategy": [
        1.0,
        -2.7755575615628907e-17,
        0.0
      ],
      "col_strategy": [
        -2.7755575615628907e-17,
        1.0,
        -4.1633363423443364e-17
      ]
    },
    {
      "name": "shapley_3x3",
      "matrix": [
        [
          1.0,
          -1.0,
          0.0
        ],
        [
          0.0,
          1.0,
          -1.0
        ],
        [
          -1.0,
          0.0,
          1.0
        ]
      ],
      "value": 0.0,
      "row_strategy": [
        0.33333333333333337,
        0.33333333333333337,
        0.33333333333333337
      ],
      "col_strategy": [
        0.33333333333333337,
        0.33333333333333337,
        0.33333333333333337
      ]
    },
    {
      "name": "monocycle_janken",
      "matrix": [
        [
          0.0,
          3.4,
          -3.4
        ],
        [
          -3.4,
          0.0,
          3.4
        ],
        [
          3.4,
          -3.4,
          0.0
        ]
      ],
      "value": 2.0970879354030734e-17,
      "row_strategy": [
        0.33333333333333337,
        0.33333333333333337,
        0.3333333333333333
      ],
      "col_strategy": [
        0.33333333333333337,
        0.33333333333333337,
        0.3333333333333333
      ]
    },
    {
      "name": "random_4x4",
      "matrix": [
        [
          0.0,
          0.6894021837288056,
          1.4609685744716732,
          0.10700581795739872
        ],
        [
          -0.6894021837288056,
          0.0,
          0.6215075281895717,
          -0.07339461598775232
        ],
        [
          -1.4609685744716732,
          -0.6215075281895717,
          0.0,
          0.9667015800425414
        ],
        [
          -0.10700581795739872,
          0.07339461598775232,
          -0.9667015800425414,
          0.0
        ]
      ],
      "value": 0.0,
      "row_strategy": [
        1.0,
        0.0,
        0.0,
        0.0
      ],
      "col_strategy": [
        1.0,
        0.0,
        0.0,
        0.0
      ]
    },
    {
      "name": "random_5x5",
      "matrix": [
        [
          0.0,
          -0.5814174240513861,
          0.7218203365310958,
          -0.6716906666242903,
          1.2563324694998044
        ],
        [
          0.5814174240513861,
          0.0,
          1.6986347110699378,
          0.9051162778712198,
          -0.5621324367479323
        ],
        [
          -0.7218203365310958,
          -1.6986347110699378,
          0.0,
          0.6251784944151715,
          1.035705613713866
        ],
        [
          0.6716906666242903,
          -0.9051162778712198,
          -0.6251784944151715,
          0.0,
          -0.9606852711964493
        ],
        [
          -1.2563324694998044,
          0.5621324367479323,
          -1.035705613713866,
          0.9606852711964493,
          0.0
        ]
      ],
      "value": 1.6362202234966544e-18,
      "row_strategy": [
        0.23423333288089504,
        0.523497528873932,
        -1.1786646041608406e-17,
        -2.3573292083216812e-17,
        0.24226913824517307
      ],
      "col_strategy": [
        0.23423333288089504,
        0.523497528873932,
        -1.1786646041608406e-17,
        -2.3573292083216812e-17,
        0.24226913824517307
      ]
    }
  ],
  "meta": {
    "nashpy_version": "0.0.43",
    "numpy_version": "2.4.4",
    "seed": 42
  }
}
